%YAML:1.0
intrisics: !!opencv-matrix
   rows: 3
   cols: 3
   dt: d
   data: [ 1.1100053195939765e+03, 0., 4.6526137078162748e+02, 0.,
       1.1261976251509484e+03, 8.2104973032216594e+02, 0., 0., 1. ]
projResX: 800
projResY: 600
rotation: !!opencv-matrix
   rows: 3
   cols: 1
   dt: d
   data: [ 5.3000475797648361e-01, -7.9622756533850494e-02,
       4.3745411268859322e-02 ]
translation: !!opencv-matrix
   rows: 3
   cols: 1
   dt: d
   data: [ 1.7365146358740770e+02, 1.9762079835790917e+02,
       1.1820370774201506e+02 ]
reprojectionError: 2.0150530338287354e+00
