%YAML:1.0
intrisics: !!opencv-matrix
   rows: 3
   cols: 3
   dt: d
   data: [ 9.9766817431496929e+02, 0., 5.4092510218631162e+02, 0.,
       1.0307135920988994e+03, 7.9654785410155671e+02, 0., 0., 1. ]
projResX: 800
projResY: 600
rotation: !!opencv-matrix
   rows: 3
   cols: 1
   dt: d
   data: [ 5.2076435427017298e-01, -3.4659373226335423e-02,
       2.6158401758689619e-02 ]
translation: !!opencv-matrix
   rows: 3
   cols: 1
   dt: d
   data: [ 2.2638337559153207e+01, 2.1191437839894806e+02,
       4.5329939532401148e+01 ]
reprojectionError: 1.5329668521881104e+00
