%YAML:1.0
intrisics: !!opencv-matrix
   rows: 3
   cols: 3
   dt: d
   data: [ 8.8235575562872248e+02, 0., 3.8995983076675930e+02, 0.,
       9.0163218729583230e+02, 6.3332898307300843e+02, 0., 0., 1. ]
projResX: 800
projResY: 600
rotation: !!opencv-matrix
   rows: 3
   cols: 1
   dt: d
   data: [ 5.0376120542246461e-01, -7.4574877161459316e-02,
       3.9387344564950126e-02 ]
translation: !!opencv-matrix
   rows: 3
   cols: 1
   dt: d
   data: [ 8.3029412951578564e+01, 1.9284797270000686e+02,
       1.3154644611263026e+02 ]
reprojectionError: 1.5005049705505371e+00
